1073741824S,0C
0 0
57750 1
1223 1
1226 1
1226 1
1239 1
1190 1
1198 1
1244 1
1246 1
1190 1
1190 1
1190 1
1190 1
1190 1
1190 1
1190 1
1190 1
1190 1
1190 1
1190 1
1190 1
1190 1
1190 1
1190 1
1190 1
1190 1
1190 1
1190 1
1190 1
1190 1
1190 1
1190 1
1248 1
1248 1
1248 1
1248 1
1190 1
1190 1
1190 1
1190 1
1190 1
1190 1
1190 1
1190 1
1190 1
1190 1
1190 1
1190 1
1190 1
1190 1
1190 1
1190 1
1190 1
1190 1
1190 1
1190 1
1190 1
1190 1
1190 1
1190 1
1190 1
1190 1
1190 1
1190 1
1190 1
1245 1
1250 1
1250 1
1250 1
1250 1
1250 1
1245 1
1245 1
1244 1
1244 1
1244 1
1244 1
1244 1
1244 1
1244 1
1244 1
1244 1
1243 1
1243 1
1244 1
1244 1
1244 1
1244 1
1244 1
1244 1
1244 1
1244 1
1244 1
1244 1
1244 1
1244 1
1244 1
1244 1
1244 1
1244 1
1244 1
1190 1
1244 1
1244 1
1244 1
1244 1
1264 1
1264 1
1264 1
1205 1
1266 1
1266 1
2484 1
2491 1
2491 1
2491 1
2481 1
2491 1
2484 1
2453 1
2453 1
2491 1
2453 1
1267 1
1267 1
1267 1
1267 1
1266 1
1267 1
1267 1
1267 1
1267 1
1267 1
1267 1
1228 1
1228 1
1403 1
14238 1
1283 1
